




      20  40  20  40  50  20  50  50  30  40  20  50  40  20  50  10  
      40  30  30  40  40  20  30  40  20  30  20  40  20  50  50  10  
      20  30  30  20  30  40  30  20  50  30  50  40  50  50  50  10  
      40  40  20  20  30  50  50  50  40  30  30  50  40  40  30  10  
      50  40  30  30  20  20  20  30  30  50  20  30  50  40  40  10  
      20  20  40  50  20  40  40  30  30  30  50  50  40  50  50  10  
      50  30  30  50  20  40  40  30  30  30  40  30  30  30  40  10  
      50  40  20  50  30  30  30  40  40  30  50  20  50  40  10  10  
      30  20  50  40  30  30  30  40  30  50  50  40  40  10  10  00  
      40  30  30  30  50  30  30  30  50  50  50  40  50  10  00  00  
      20  20  50  30  20  50  40  50  50  50  30  10  10  10  00  00  
      50  40  40  50  30  50  30  20  40  40  10  10  00  00  00  00  
      40  20  50  40  50  40  30  50  40  50  10  00  00  00  00  00  
      20  50  50  40  40  50  30  40  10  10  10  00  00  00  00  00  
      50  50  50  30  40  50  40  10  10  00  00  00  00  00  00  00  
      10  10  10  10  10  10  10  10  00  00  00  00  00  00  00  00  